<http://d.opencalais.com/er/company/ralg-tr1r/7ada1395-723c-3efa-82f0-f86cf4807062> 48.0 51.06896551724138 52.0 0.6974155036669261 0.75 0.7668391267874269 0.82 0.015684338302757336
<http://d.opencalais.com/er/company/ralg-tr1r/bfb2f874-c4fe-3e67-b22f-57148962f952> 52.0 54.93103448275862 56.0 0.8555713996170692 0.7678571428571429 0.7893624065782642 0.8333333333333334 0.01951737842139582
<http://d.opencalais.com/er/company/ralg-tr1r/b153a812-f800-3b38-945e-63991fcec62a> 48.0 51.06896551724138 52.0 0.6974155036669261 0.7692307692307693 0.7851837502479241 0.84 0.014277339143547318
<http://d.opencalais.com/er/company/ralg-tr1r/a2472e23-94d8-38e1-9d31-f5d7dd336eaa> 58.0 61.12068965517241 62.0 0.5643684937460728 0.7903225806451613 0.8023659843740301 0.85 0.0084145998119591
<http://d.opencalais.com/er/company/ralg-tr1r/96cc2627-e55b-39a8-a027-b600c57e40f6> 69.0 72.06896551724138 73.0 0.6974155036669261 0.8356164383561644 0.8486399260150588 0.8873239436619719 0.01156433949215244
<http://d.opencalais.com/er/company/ralg-tr1r/6c4a7301-1fc1-34c3-8139-90bfafe561e3> 58.0 61.12068965517241 62.0 0.5643684937460728 0.7580645161290323 0.7706857947256864 0.8166666666666667 0.010199917334622095
<http://d.opencalais.com/er/company/ralg-tr1r/9d30b752-24ba-3259-8658-1ecedbd1b8fe> 55.0 58.13793103448276 59.0 0.575776390016702 0.7457627118644068 0.7583392054434382 0.8053097345132744 0.010669957383714786
<http://d.opencalais.com/er/company/ralg-tr1r/f0665d5d-3ce0-3bb7-b0ac-9dfec0b8e236> 49.0 52.08620689655172 53.0 0.707961807836491 0.7547169811320755 0.7707450354800095 0.8217821782178217 0.015511383832375996
<http://d.opencalais.com/er/company/ralg-tr1r/05b2aa5c-3612-3eae-a9d4-9456fd96d7af> 56.0 56.96551724137931 57.0 0.1840592240099194 0.8245614035087719 0.8254112225136666 0.8407079646017699 0.0036375259987980516
<http://d.opencalais.com/er/company/ralg-tr1r/83e19a8c-6272-3609-9ddf-df7bb5be2f88> 53.0 56.05172413793103 57.0 0.6862666300187654 0.7543859649122807 0.7703307870667715 0.8181818181818182 0.01397624082230994
<http://d.opencalais.com/er/company/ralg-tr1r/b3269092-2d30-32c4-a614-74861864cb15> 49.0 51.93103448275862 53.0 0.8758368222111675 0.7547169811320755 0.7748784904751381 0.8235294117647058 0.018595324761082666
<http://d.opencalais.com/er/company/ralg-tr1r/29ded604-539e-39dc-a04c-878bfd936337> 55.0 58.12068965517241 59.0 0.5643684937460728 0.7796610169491526 0.7921715587430831 0.8421052631578947 0.008797074832102637
<http://d.opencalais.com/er/company/ralg-tr1r/9616a23c-68ce-31ec-bba9-a60d3a8174dc> 57.0 60.06896551724138 61.0 0.6974155036669261 0.7377049180327869 0.7518104967423026 0.7966101694915254 0.013188373819825135
<http://d.opencalais.com/er/company/ralg-tr1r/241abae4-775e-3c09-aaca-7019f07aa7fe> 59.0 62.10344827586207 63.0 0.7179320979575143 0.7619047619047619 0.7752085008765685 0.819672131147541 0.012998095609613134
<http://d.opencalais.com/er/company/ralg-tr1r/7ec18c84-7f39-3647-be31-93db49155fd7> 50.0 53.06896551724138 54.0 0.6974155036669261 0.7592592592592593 0.7756234041620091 0.8269230769230769 0.01515683971251263
<http://d.opencalais.com/er/company/ralg-tr1r/dac98c9f-ccac-32f4-ba55-ec6194a30f34> 55.0 58.12068965517241 59.0 0.5643684937460728 0.7796610169491526 0.7921715587430831 0.8421052631578947 0.008797074832102637
<http://d.opencalais.com/er/company/ralg-tr1r/e8393d7b-3e70-3d0a-abe8-165358db317e> 53.0 55.98275862068966 57.0 0.7834108803051694 0.7719298245614035 0.7896375142030033 0.8363636363636363 0.015365860066127291
<http://d.opencalais.com/er/company/ralg-tr1r/d19b6926-3374-3123-a9d9-bd52e9a058a6> 48.0 51.12068965517241 52.0 0.5643684937460728 0.7692307692307693 0.7832865533042875 0.84 0.009956178047973222
<http://d.opencalais.com/er/company/ralg-tr1r/ec924274-b5ea-34a3-89d5-f758948b1c7e> 50.0 53.0 54.0 0.7947194142390263 0.7592592592592593 0.7768104886824271 0.8269230769230769 0.01644711044987308
<http://d.opencalais.com/er/company/ralg-tr1r/7fd1c9ea-5e71-38ed-add1-af04e4b5db1f> 66.0 69.01724137931035 70.0 0.8054938402488042 0.7571428571428571 0.7710431889944546 0.8088235294117647 0.013510683055709136
<http://d.opencalais.com/er/company/ralg-tr1r/743844d2-be57-3496-bf56-08a8d353b22b> 51.0 52.55172413793103 55.0 1.201934315178508 0.7636363636363637 0.8006735916468055 0.8252427184466019 0.0175491209010275
<http://d.opencalais.com/er/company/ralg-tr1r/a71906b0-8469-3bac-813c-1d595b1782d4> 53.0 56.12068965517241 57.0 0.5643684937460728 0.7368421052631579 0.7491489552946176 0.8 0.008877495584188924
<http://d.opencalais.com/er/company/ralg-tr1r/bc0d1af2-b13f-35f0-9d26-7904168ad70d> 48.0 51.0 52.0 0.7947194142390263 0.7307692307692307 0.7484675127736236 0.8 0.01685281324899326
<http://d.opencalais.com/er/company/ralg-tr1r/b725f008-03ba-334a-8504-4d5867fba63c> 69.0 71.94827586206897 73.0 0.8869900569688048 0.7945205479452054 0.8089952510221613 0.8450704225352113 0.013920108416295403
<http://d.opencalais.com/er/company/ralg-tr1r/821cdb2f-23a7-378b-ba80-6615cfc513c5> 52.0 55.1551724137931 56.0 0.5864470523334243 0.7321428571428571 0.7452730840089423 0.794392523364486 0.011166793994395822
<http://d.opencalais.com/er/company/ralg-tr1r/c9fe656e-991d-3983-81f5-205a0a2fcbc7> 56.0 59.13793103448276 60.0 0.575776390016702 0.7833333333333333 0.7962502344406973 0.8434782608695652 0.010766542980781278
<http://d.opencalais.com/er/company/ralg-tr1r/000168a4-c53a-35c8-bdd2-ab57596cc16e> 47.0 50.08620689655172 51.0 0.707961807836491 0.7450980392156863 0.7615945713814304 0.8144329896907216 0.01604648808086672
<http://d.opencalais.com/er/company/ralg-tr1r/3e75c871-e0ab-382d-9858-591c863268d0> 50.0 52.93103448275862 54.0 0.8758368222111674 0.7592592592592593 0.778147551434374 0.8269230769230769 0.017461751362260004
<http://d.opencalais.com/er/company/ralg-tr1r/32994791-04d3-3d99-b7cd-f9b9efa5aba8> 59.0 62.12068965517241 63.0 0.5643684937460728 0.7936507936507936 0.8055454447859468 0.8524590163934426 0.00829432982952676
<http://d.opencalais.com/er/company/ralg-tr1r/b494a78c-4302-3621-ab8b-0a81c789c17f> 52.0 54.775862068965516 56.0 0.9919518849444101 0.75 0.7728956680793821 0.8148148148148148 0.018487073650916425
<http://d.opencalais.com/er/company/ralg-tr1r/c8b2de77-076c-36cd-b69a-d141ec7373f0> 49.0 52.06896551724138 53.0 0.6974155036669261 0.6981132075471698 0.7136858866904633 0.7647058823529411 0.014926350404611714
<http://d.opencalais.com/er/company/ralg-tr1r/138fda0a-1ae0-3dbf-922c-8b6118d79b4c> 53.0 53.98275862068966 54.0 0.13130643285972257 0.8148148148148148 0.8154099336260345 0.8317757009345794 0.0031485706257125398
<http://d.opencalais.com/er/company/ralg-tr1r/a5f91681-11c6-3ad3-abb2-9dc4ef4aa947> 51.0 54.08620689655172 55.0 0.707961807836491 0.7636363636363637 0.7792189676303631 0.8285714285714286 0.015010133254143708
<http://d.opencalais.com/er/company/ralg-tr1r/0b52822b-c505-38aa-b72f-71089f79103e> 63.0 66.0 67.0 0.6753816335059705 0.7611940298507462 0.7774180664172354 0.8153846153846154 0.013770935325175525
<http://d.opencalais.com/er/company/ralg-tr1r/3e2b207a-dd44-3d8d-8ad5-ebeee3450300> 48.0 50.94827586206897 52.0 0.8255229877276506 0.75 0.7690836370317161 0.82 0.01650135136756438
<http://d.opencalais.com/er/company/ralg-tr1r/b87e9818-425e-34ac-b59d-2774409859e4> 53.0 56.13793103448276 57.0 0.575776390016702 0.7543859649122807 0.7675475803024895 0.8165137614678899 0.011127826292799368
<http://d.opencalais.com/er/company/ralg-tr1r/eab9bfaa-47f1-368a-a9b7-a87bb345cf30> 78.0 81.06896551724138 82.0 0.6974155036669261 0.8048780487804879 0.8160914089217303 0.85 0.010086889327952805
<http://d.opencalais.com/er/company/ralg-tr1r/345d274d-533e-3473-a800-95b5319a75a5> 60.0 63.12068965517241 64.0 0.5643684937460728 0.796875 0.8086242210757186 0.8548387096774194 0.008177420956676323
<http://d.opencalais.com/er/company/ralg-tr1r/bd8540df-a13f-360c-9e28-64b55adde9c8> 56.0 59.06896551724138 60.0 0.6974155036669261 0.7333333333333333 0.7465610061107872 0.7931034482758621 0.012028352442674261
<http://d.opencalais.com/er/company/ralg-tr1r/018a40be-eadd-34ab-a418-48f096979ea0> 57.0 60.08620689655172 61.0 0.707961807836491 0.7868852459016393 0.8012570116107649 0.8461538461538461 0.013680794584122762
<http://d.opencalais.com/er/company/ralg-tr1r/ac46ca60-ecab-3d01-9dc6-c192035d5ffd> 51.0 54.01724137931034 55.0 0.8054938402488043 0.7636363636363637 0.7815541365990971 0.8301886792452831 0.017431701274717
<http://d.opencalais.com/er/company/ralg-tr1r/f3e4768e-524b-36c5-a67c-04d01eb4f3a7> 52.0 55.08620689655172 56.0 0.707961807836491 0.7678571428571429 0.7832252573767576 0.8317757009345794 0.014771240099706096
<http://d.opencalais.com/er/company/ralg-tr1r/260b5d1a-8240-3f3d-ae24-f159c134e447> 62.0 65.06896551724138 66.0 0.6974155036669261 0.7878787878787878 0.8016204134427862 0.84375 0.012501235781835833
<http://d.opencalais.com/er/company/ralg-tr1r/f08c4e64-8fc4-3ac1-97ee-7366d76233d9> 55.0 58.13793103448276 59.0 0.575776390016702 0.7796610169491526 0.7927463795578739 0.8407079646017699 0.010928248881910158
<http://d.opencalais.com/er/company/ralg-tr1r/bfe6db89-dddf-3480-b718-f41b892b3404> 56.0 59.06896551724138 60.0 0.6974155036669261 0.7333333333333333 0.7465610061107872 0.7931034482758621 0.012028352442674261
<http://d.opencalais.com/er/company/ralg-tr1r/051152c0-b8b9-390b-8ab7-0acb09f3cd9b> 65.0 68.06896551724138 69.0 0.6974155036669261 0.8115942028985508 0.8241061921436824 0.8656716417910447 0.010917839435158097
<http://d.opencalais.com/er/company/ralg-tr1r/e7b77866-3a23-3dec-97d7-e711f1ff2ff4> 67.0 70.15517241379311 71.0 0.5864470523334246 0.7746478873239436 0.7854736918343593 0.8248175182481752 0.008994758025507697
<http://d.opencalais.com/er/company/ralg-tr1r/8e31f1da-1e9a-3d70-99c8-ca7e3832faa1> 53.0 56.06896551724138 57.0 0.6974155036669261 0.7368421052631579 0.7508389601232027 0.8 0.012715486222837668
<http://d.opencalais.com/er/company/ralg-tr1r/5e026e3f-b1a3-3038-b5fb-ab37d800f57b> 60.0 63.08620689655172 64.0 0.707961807836491 0.8125 0.8265589675167369 0.8699186991869918 0.013234343595870036
<http://d.opencalais.com/er/company/ralg-tr1r/18c4fb09-cb60-362b-af2e-c92d789e173e> 47.0 50.13793103448276 51.0 0.575776390016702 0.7450980392156863 0.7596846419185981 0.8144329896907216 0.012415996119818324
