<http://aigp.csres.utexas.edu/~aigp/researcher/show/3470> 6.0 6.051724137931035 7.0 0.22340379562211243 0.5 0.5039521881627145 0.5714285714285714 0.013448892995502473
<http://bnb.data.bl.uk/doc/resource/006893251.html?_metadata=all,views,formats,execution,bindings&_view=publicationViewer> 7.0 8.017241379310345 9.0 0.2287555433395888 0.5 0.5038183694530444 0.6 0.015017341601521426
<http://berrueta.net/main/about-me-and-this-site#twitterAccount> 5.0 5.051724137931035 6.0 0.22340379562211243 0.4 0.40558213716108454 0.5 0.018957043496428398
<http://dublincore.org> 8.0 9.03448275862069 10.0 0.2626128657194451 0.17647058823529413 0.2520419555941798 0.4444444444444444 0.055281251243166296
<http://aigp.csres.utexas.edu/~aigp/researcher/show/103> 7.0 7.051724137931035 8.0 0.22340379562211243 0.42857142857142855 0.4324979114452798 0.5 0.013381920917133432
<http://bnb.data.bl.uk/doc/resource/006893251.html?_metadata=all,views,formats,execution,bindings&_view=all> 7.0 8.0 9.0 0.1873171623163388 0.5 0.5027863777089784 0.6 0.014197309518893114
<http://berrueta.net/main/about-me-and-this-site#slideshareAccount> 5.0 5.051724137931035 6.0 0.22340379562211243 0.4 0.40558213716108454 0.5 0.018957043496428398
<http://aigp.csres.utexas.edu/~aigp/researcher/show/535> 6.0 6.051724137931035 7.0 0.22340379562211243 0.5 0.5039521881627145 0.5714285714285714 0.013448892995502473
<http://bnb.data.bl.uk/doc/resource/006893251.xml?_metadata=all,views,formats,execution,bindings&_view=all> 7.0 8.0 9.0 0.1873171623163388 0.5 0.505125558995528 0.7333333333333333 0.031247023005264152
<http://aigp.csres.utexas.edu/~aigp/researcher/show/2261> 7.0 7.051724137931035 8.0 0.22340379562211243 0.42857142857142855 0.4324979114452798 0.5 0.013381920917133432
<http://bnb.data.bl.uk/doc/resource/006893251.xml?_metadata=all,views,formats,execution,bindings&_view=resourceViewer> 7.0 8.017241379310345 9.0 0.2287555433395888 0.5 0.5061575507395941 0.7333333333333333 0.03155026388943088
<http://aigp.csres.utexas.edu/~aigp/researcher/show/4345> 5.0 5.051724137931035 6.0 0.22340379562211243 0.6 0.6037214247740563 0.6666666666666666 0.01263802899761896
<http://bnb.data.bl.uk/doc/resource/006893251.json?_metadata=all,views,formats,execution,bindings&_view=resourceViewer> 7.0 8.017241379310345 9.0 0.2287555433395888 0.5 0.5061575507395941 0.7333333333333333 0.03155026388943088
<http://aigp.csres.utexas.edu/~aigp/researcher/show/2532> 6.0 6.051724137931035 7.0 0.22340379562211243 0.5 0.5039521881627145 0.5714285714285714 0.013448892995502473
<http://bnb.data.bl.uk/doc/resource/006893251.json?_metadata=all,views,formats,execution,bindings&_view=all> 7.0 8.0 9.0 0.1873171623163388 0.5 0.505125558995528 0.7333333333333333 0.031247023005264152
<http://aigp.csres.utexas.edu/~aigp/researcher/show/928> 6.0 6.051724137931035 7.0 0.22340379562211243 0.5 0.5039521881627145 0.5714285714285714 0.013448892995502473
<http://bnb.data.bl.uk/doc/resource/006893251.html?_metadata=all,views,formats,execution,bindings&_view=resourceViewer> 7.0 8.017241379310345 9.0 0.2287555433395888 0.5 0.5038183694530444 0.6 0.015017341601521426
<http://aigp.csres.utexas.edu/~aigp/researcher/show/677> 5.0 5.051724137931035 6.0 0.22340379562211243 0.6 0.6037214247740563 0.6666666666666666 0.01263802899761896
<http://bnb.data.bl.uk/doc/resource/006893251.json?_metadata=all,views,formats,execution,bindings&_view=publicationViewer> 7.0 8.017241379310345 9.0 0.2287555433395888 0.5 0.5061575507395941 0.7333333333333333 0.03155026388943088
<http://aigp.csres.utexas.edu/~aigp/researcher/show/1218> 7.0 7.051724137931035 8.0 0.22340379562211243 0.42857142857142855 0.4324979114452798 0.5 0.013381920917133432
<http://bnb.data.bl.uk/doc/resource/006893251.xml?_metadata=all,views,formats,execution,bindings&_view=publicationViewer> 7.0 8.017241379310345 9.0 0.2287555433395888 0.5 0.5061575507395941 0.7333333333333333 0.03155026388943088
<http://aigp.csres.utexas.edu/~aigp/researcher/show/932> 7.0 7.051724137931035 8.0 0.22340379562211243 0.42857142857142855 0.4324979114452798 0.5 0.013381920917133432
<http://aigp.csres.utexas.edu/~aigp/researcher/show/2402> 6.0 6.051724137931035 7.0 0.22340379562211243 0.5 0.5039521881627145 0.5714285714285714 0.013448892995502473
<http://aigp.csres.utexas.edu/~aigp/researcher/show/2075> 7.0 7.051724137931035 8.0 0.22340379562211243 0.42857142857142855 0.4324979114452798 0.5 0.013381920917133432
<http://aigp.csres.utexas.edu/~aigp/researcher/show/249> 8.0 8.051724137931034 9.0 0.22340379562211254 0.375 0.37879830294690975 0.4444444444444444 0.012960627367076927
<http://aigp.csres.utexas.edu/~aigp/researcher/show/3590> 8.0 8.051724137931034 9.0 0.22340379562211254 0.375 0.37879830294690975 0.4444444444444444 0.012960627367076927
<http://aigp.csres.utexas.edu/~aigp/researcher/show/1208> 7.0 7.051724137931035 8.0 0.22340379562211243 0.42857142857142855 0.4324979114452798 0.5 0.013381920917133432
<http://aigp.csres.utexas.edu/~aigp/researcher/show/2838> 7.0 7.051724137931035 8.0 0.22340379562211243 0.42857142857142855 0.4324979114452798 0.5 0.013381920917133432
<http://aigp.csres.utexas.edu/~aigp/researcher/show/2372> 6.0 6.051724137931035 7.0 0.22340379562211243 0.5 0.5039521881627145 0.5714285714285714 0.013448892995502473
<http://aigp.csres.utexas.edu/~aigp/researcher/show/673> 8.0 8.051724137931034 9.0 0.22340379562211254 0.375 0.37879830294690975 0.4444444444444444 0.012960627367076927
<http://aigp.csres.utexas.edu/~aigp/researcher/show/534> 7.0 7.051724137931035 8.0 0.22340379562211243 0.42857142857142855 0.4324979114452798 0.5 0.013381920917133432
<http://aigp.csres.utexas.edu/~aigp/researcher/show/1348> 8.0 8.051724137931034 9.0 0.22340379562211254 0.375 0.37879830294690975 0.4444444444444444 0.012960627367076927
<http://aigp.csres.utexas.edu/~aigp/researcher/show/3459> 8.0 8.051724137931034 9.0 0.22340379562211254 0.375 0.37879830294690975 0.4444444444444444 0.012960627367076927
<http://aigp.csres.utexas.edu/~aigp/researcher/show/4397> 6.0 6.051724137931035 7.0 0.22340379562211243 0.5 0.5039521881627145 0.5714285714285714 0.013448892995502473
<http://aigp.csres.utexas.edu/~aigp/researcher/show/3661> 7.0 7.051724137931035 8.0 0.22340379562211243 0.42857142857142855 0.4324979114452798 0.5 0.013381920917133432
<http://aigp.csres.utexas.edu/~aigp/researcher/show/1045> 5.0 5.051724137931035 6.0 0.22340379562211243 0.6 0.6037214247740563 0.6666666666666666 0.01263802899761896
<http://aigp.csres.utexas.edu/~aigp/researcher/show/3840> 6.0 6.051724137931035 7.0 0.22340379562211243 0.5 0.5039521881627145 0.5714285714285714 0.013448892995502473
<http://aigp.csres.utexas.edu/~aigp/researcher/show/4060> 7.0 7.051724137931035 8.0 0.22340379562211243 0.42857142857142855 0.4324979114452798 0.5 0.013381920917133432
<http://aigp.csres.utexas.edu/~aigp/researcher/show/529> 7.0 7.051724137931035 8.0 0.22340379562211243 0.42857142857142855 0.4324979114452798 0.5 0.013381920917133432
<http://aigp.csres.utexas.edu/~aigp/researcher/show/243> 7.0 7.051724137931035 8.0 0.22340379562211243 0.42857142857142855 0.4324979114452798 0.5 0.013381920917133432
<http://aigp.csres.utexas.edu/~aigp/researcher/show/178> 7.0 7.051724137931035 8.0 0.22340379562211243 0.42857142857142855 0.4324979114452798 0.5 0.013381920917133432
<http://aigp.csres.utexas.edu/~aigp/researcher/show/3652> 7.0 7.051724137931035 8.0 0.22340379562211243 0.42857142857142855 0.4324979114452798 0.5 0.013381920917133432
<http://aigp.csres.utexas.edu/~aigp/researcher/show/427> 5.0 5.051724137931035 6.0 0.22340379562211243 0.6 0.6037214247740563 0.6666666666666666 0.01263802899761896
<http://aigp.csres.utexas.edu/~aigp/researcher/show/1694> 7.0 7.051724137931035 8.0 0.22340379562211243 0.42857142857142855 0.4324979114452798 0.5 0.013381920917133432
<http://aigp.csres.utexas.edu/~aigp/researcher/show/4086> 6.0 6.051724137931035 7.0 0.22340379562211243 0.5 0.5039521881627145 0.5714285714285714 0.013448892995502473
<http://aigp.csres.utexas.edu/~aigp/researcher/show/1197> 7.0 7.051724137931035 8.0 0.22340379562211243 0.42857142857142855 0.4324979114452798 0.5 0.013381920917133432
<http://aigp.csres.utexas.edu/~aigp/researcher/show/1008> 7.0 7.051724137931035 8.0 0.22340379562211243 0.42857142857142855 0.4324979114452798 0.5 0.013381920917133432
<http://aigp.csres.utexas.edu/~aigp/researcher/show/4605> 8.0 8.051724137931034 9.0 0.22340379562211254 0.375 0.37879830294690975 0.4444444444444444 0.012960627367076927
<http://aigp.csres.utexas.edu/~aigp/researcher/show/3281> 7.0 7.051724137931035 8.0 0.22340379562211243 0.42857142857142855 0.4324979114452798 0.5 0.013381920917133432
<http://aigp.csres.utexas.edu/~aigp/researcher/show/2070> 6.0 6.051724137931035 7.0 0.22340379562211243 0.5 0.5039521881627145 0.5714285714285714 0.013448892995502473
