<http://data.ordnancesurvey.co.uk/ontology/admingeo/hasAreaCode> 1023.0 1410.1206896551723 1772.0 171.84704312584196 0.001224739742804654 0.11373439833244471 0.4900972272236226 0.09277618364077893
<http://d-nb.info/standards/elementset/gnd#preferredNameForTheSubjectHeading> 755.0 1389.1896551724137 1984.0 234.0782937617355 0.0038109756097560975 0.0991706262136622 0.38902147971360385 0.08879248371581247
<http://purl.org/dc/elements/1.1/language> 754.0 1083.5862068965516 1406.0 196.97885134345773 0.16057585825027684 0.25625531901901755 0.5074766355140187 0.08258104657980007
<http://data.ordnancesurvey.co.uk/ontology/admingeo/gssCode> 908.0 1336.7586206896551 1627.0 167.32522280737538 0.0012828736369467607 0.10023402126002463 0.46697566628041715 0.08585089137473488
<http://d-nb.info/standards/elementset/gnd#relatedDdcWithDegreeOfDeterminacy2> 640.0 1228.3275862068965 1797.0 222.85361318556372 0.0038743004735256135 0.10382353669883285 0.406993006993007 0.09149903856785033
<http://data.ordnancesurvey.co.uk/ontology/admingeo/inCounty> 766.0 1243.0 1509.0 187.0605493491533 9.950248756218905E-4 0.09530743763969413 0.45926904447380007 0.08522890207851355
<http://d-nb.info/standards/elementset/gnd#gndIdentifier> 780.0 1436.6034482758619 2028.0 235.4391894263259 0.003317360855141909 0.09879663063768684 0.392463768115942 0.08939531179552922
<http://data.ordnancesurvey.co.uk/ontology/admingeo/inEuropeanRegion> 1012.0 1405.6896551724137 1768.0 172.85113835742578 0.001226993865030675 0.11393453716376253 0.49022447501810285 0.09289502035507691
<http://data.ordnancesurvey.co.uk/ontology/admingeo/inDistrict> 792.0 1249.5344827586207 1542.0 169.66419005367595 3.4281796366129587E-4 0.10372940987464978 0.4989491382934006 0.09056827040646281
<http://data.ordnancesurvey.co.uk/ontology/admingeo/hasUnitID> 1023.0 1410.103448275862 1772.0 171.82740112500824 0.001224739742804654 0.11374597724975893 0.4900972272236226 0.0927698306816322
