<http://www.loa-cnr.it/ontologies/DUL.owl#Entity> 52.0 71.48275862068965 77.0 5.610895976580937 0.09090909090909091 0.11989628746676863 0.15492957746478872 0.022435813135759545
<http://swrc.ontoware.org/ontology#Project> 43.0 84.93103448275862 112.0 15.166748103462323 0.7209302325581395 0.8542807733098591 0.8899082568807339 0.030924771271361243
<http://aigp.csres.utexas.edu/~aigp/school/show/149> 87.0 88.5 116.0 6.478710073041262 1.0 1.0 1.0 0.0
<http://xmlns.com/foaf/0.1/knows> 59.0 61.241379310344826 67.0 1.6363239162411185 0.05084745762711865 0.1028743789054722 0.16030534351145037 0.020477493461935357
<http://lod.geospecies.org/bioclasses/hzc3j> 81.0 81.05172413793103 82.0 0.2234037956221125 0.03067484662576687 0.03690957154970322 0.037037037037037035 8.447249749892828E-4
<http://d.opencalais.com/er/company/ralg-tr1r/4ee13d20-b44f-3bce-98bc-49a303e72db5> 59.0 60.87931034482759 62.0 0.46178852176995006 0.983739837398374 0.9997147339894451 1.0 0.0021537111496992565
<http://www.salon.com/> 49.0 61.79310344827586 93.0 11.040211383511615 0.40625 0.7618491781043599 0.92 0.11344924238979515
<http://purl.org/net/nknouf/ns/bibtex#hasTitle> 36.0 62.89655172413793 96.0 12.169403184449871 1.0 1.0 1.0 0.0
<http://iandavis.com/id/me> 38.0 73.82758620689656 92.0 10.104954371164434 0.45454545454545453 0.6564918964908859 0.792 0.08840592447106801
<http://www.london-gazette.co.uk/styles/Print.css> 32.0 57.43103448275862 76.0 7.680259656076414 0.1588785046728972 0.4063074493387733 0.7723577235772358 0.11277089973122305
<http://www.belfast-gazette.co.uk/styles/Print.css> 45.0 58.43103448275862 78.0 8.51234824212927 0.07692307692307693 0.16852904739604166 0.3577981651376147 0.05109815562220454
<http://www.w3.org/2002/07/owl#sameAs> 29.0 61.03448275862068 87.0 14.206454571150173 0.35064935064935066 0.6307436712200318 0.9340659340659341 0.20974830108851297
<http://www.biopax.org/release/biopax-level3.owl#PhysicalEntity> 35.0 53.91379310344827 75.0 8.633440660631965 0.5 0.602670174051928 0.6865671641791045 0.060455217610973666
<http://www.bbc.co.uk/programmes/genres/drama/scifiandfantasy#genre> 51.0 59.41379310344828 73.0 4.576961693351578 0.11504424778761062 0.22044543634557792 0.296875 0.04487306591671069
<http://creativecommons.org/ns#License> 61.0 66.89655172413794 74.0 2.8078190023413643 0.06451612903225806 0.13718398825496975 0.1875 0.028036651168130325
<http://www.gazettes-online.co.uk/ontology/planning#TownAndCountryPlanningNotice> 43.0 70.12068965517241 85.0 9.264301577914969 0.19463087248322147 0.35410502333300165 0.7142857142857143 0.0761504389417007
<http://www.esd.org.uk/standards/ipsv/2.00/ipsv-schema#PlanningTownAndCountry> 42.0 65.63793103448276 84.0 9.320225650197473 1.0 1.0 1.0 0.0
<http://www.loa-cnr.it/ontologies/DUL.owl#SocialObject> 22.0 54.258620689655174 60.0 6.578967937051935 0.3469387755102041 0.39812215626363073 0.49295774647887325 0.04043740382514459
<http://aigp.csres.utexas.edu/~aigp/school/show/210> 60.0 61.03448275862069 80.0 4.468075912442246 1.0 1.0 1.0 0.0
<http://xmlns.com/wordnet/1.6/Airport> 43.0 51.05172413793103 68.0 4.839248940541284 0.9191919191919192 0.9578166331416886 0.9849624060150376 0.026004113424684124
<http://lod.geospecies.org/orders/W9XgY> 82.0 84.79310344827586 85.0 0.6423263828406585 0.029585798816568046 0.03664136662469599 0.047619047619047616 0.004172210381677247
<http://d.opencalais.com/er/company/ralg-tr1r/9e3f6c34-aa6b-3a3b-b221-a07aa7933633> 83.0 85.75862068965517 86.0 0.6833956709500001 1.0 1.0 1.0 0.0
<http://purl.org/ontology/bibo/Proceedings> 65.0 89.65517241379311 132.0 9.623712899383065 0.6436781609195402 0.7127023431966172 0.92 0.09315861074893159
<http://www.w3.org/> 37.0 51.672413793103445 76.0 8.421751143141158 0.5061728395061729 0.6139449538969587 0.7054263565891473 0.05699075794693081
<http://www.salon.com/favicon.ico> 48.0 60.82758620689654 92.0 11.034456291559305 0.4126984126984127 0.7733488895792612 0.9191919191919192 0.11672562940918375
<http://swrc.ontoware.org/ontology#Event> 30.0 51.46551724137931 65.0 7.675926179310474 0.5666666666666667 0.7422910219398668 0.796875 0.04271530674178391
<http://aigp.csres.utexas.edu/~aigp/school/show/258> 90.0 91.55172413793103 120.0 6.70211386866338 1.0 1.0 1.0 0.0
<http://www.w3.org/2002/07/owl#differentFrom> 83.0 85.75862068965517 87.0 0.7329427547016834 0.011627906976744186 0.014638503367047936 0.029585798816568046 0.0051270096438231025
<http://lod.geospecies.org/bioclasses/jSLVo> 60.0 60.94827586206897 61.0 0.22340379562211246 0.04132231404958678 0.049513093124356755 0.05785123966942149 0.002731835605445579
<http://d.opencalais.com/er/company/ralg-tr1r/6fdbde51-fd7d-3efe-a181-56ad1e1f597b> 63.0 64.86206896551724 65.0 0.5112171874107658 1.0 1.0 1.0 0.0
<http://purl.org/dc/elements/1.1/title> 49.0 82.13793103448275 114.0 18.603384219442784 0.06 0.35831143528126075 0.5162790697674419 0.13382602176362365
<http://www.loa-cnr.it/ontologies/DUL.owl#Collection> 32.0 69.84482758620689 72.0 5.139464523059487 0.056338028169014086 0.07211316572890072 0.46153846153846156 0.07447655080231691
<http://www.salon.com/feed/> 48.0 60.82758620689654 92.0 11.034456291559305 0.4126984126984127 0.7733488895792612 0.9191919191919192 0.11672562940918375
<http://aigp.csres.utexas.edu/~aigp/school/show/703> 78.0 79.34482758620689 104.0 5.808498686174926 1.0 1.0 1.0 0.0
<http://www.w3.org/People/Berners-Lee/card#i> 65.0 69.56896551724138 74.0 2.1366646328275403 0.05714285714285714 0.08303141536609293 0.1323529411764706 0.017198631629191753
<http://lod.geospecies.org/orders/oSLOJ> 48.0 50.758620689655174 51.0 0.68339567095 0.04950495049504951 0.06193681791976714 0.08 0.0079784595929871
<http://d.opencalais.com/er/company/ralg-tr1r/eab9bfaa-47f1-368a-a9b7-a87bb345cf30> 55.0 60.46551724137931 61.0 1.3792385038762212 1.0 1.0 1.0 0.0
<http://aigp.csres.utexas.edu/~aigp/school/show/203> 63.0 64.08620689655173 84.0 4.6914797080643655 1.0 1.0 1.0 0.0
<http://lod.geospecies.org/bioclasses/uRKSz> 78.0 78.05172413793103 79.0 0.2234037956221125 0.03184713375796178 0.038328413645081515 0.038461538461538464 8.784547985000706E-4
<http://www.w3.org/ns/auth/rsa#RSAPublicKey> 36.0 50.39655172413793 71.0 5.1501648931953845 0.5876288659793815 0.6700115286556599 0.8736842105263158 0.057060574961119784
<http://aigp.csres.utexas.edu/~aigp/school/show/613> 63.0 64.08620689655173 84.0 4.6914797080643655 1.0 1.0 1.0 0.0
<http://aigp.csres.utexas.edu/~aigp/school/show/612> 66.0 67.13793103448276 88.0 4.914883503686476 1.0 1.0 1.0 0.0
<http://aigp.csres.utexas.edu/~aigp/school/show/104> 75.0 76.29310344827586 100.0 5.585094890552815 1.0 1.0 1.0 0.0
<http://aigp.csres.utexas.edu/~aigp/school/show/233> 57.0 57.98275862068966 76.0 4.244672116820135 1.0 1.0 1.0 0.0
<http://aigp.csres.utexas.edu/~aigp/school/show/213> 66.0 67.13793103448276 88.0 4.914883503686476 1.0 1.0 1.0 0.0
<http://aigp.csres.utexas.edu/~aigp/school/show/287> 51.0 51.87931034482759 68.0 3.797864525575909 1.0 1.0 1.0 0.0
<http://aigp.csres.utexas.edu/~aigp/school/show/359> 63.0 64.08620689655173 84.0 4.6914797080643655 1.0 1.0 1.0 0.0
<http://aigp.csres.utexas.edu/~aigp/school/show/296> 54.0 54.93103448275862 72.0 4.021268321198026 1.0 1.0 1.0 0.0
<http://aigp.csres.utexas.edu/~aigp/school/show/236> 69.0 70.1896551724138 92.0 5.138287299308586 1.0 1.0 1.0 0.0
<http://aigp.csres.utexas.edu/~aigp/school/show/106> 57.0 57.98275862068966 76.0 4.244672116820135 1.0 1.0 1.0 0.0
